[End]
Alpha = 0.00999999978
B = 0.000000000
G = 62.3333321
R = 255.000000
Rotation = 146.000000
ScaleX = 5.64738894
ScaleY = 5.60299969

[General]
Angle = 13.8118563
LifeTime = 1394.47363
ParticlesPerFrame = 19.8814430

[Start]
Alpha = 0.500000000
B = 0.000000000
G = 218.166656
R = 255.000000
Rotation = 0.000000000
ScaleX = 0.500000000
ScaleY = 0.500000000

